0 12 10 9999 9999 9999 12
12 0 8 12 9999 9999 9999
10 8 0 11 3 9999 9
9999 12 11 0 11 10 9999
9999 9999 3 11 0 6 7 
9999 9999 9999 10 6 0 9
12 9999 9 9999 7 9 0